[-0.05036229996614383, -0.4362581368300156, 0.31487604921902257, -0.07148690105280875]  49864.0
[-0.3461136484824324, -0.0114595960390248, 0.3816935575305288, -0.07148690105280875]  46288.0
[-0.3619090504996372, -0.2967923306455901, 0.31487604921902257, -0.1287483609625879]  43500.0
[-0.3295304431433811, -0.24071325586345704, 0.3816935575305288, -0.1287483609625879]  35592.0
[-0.3295304431433811, -0.24071325586345704, 0.31487604921902257, -0.1287483609625879]  32004.0
[-0.05036229996614383, -0.4362581368300156, 0.3668611933276382, -0.03058478149610222]  27296.0
[-0.3167727971531964, -0.24071325586345704, 0.3816935575305288, -0.07148690105280875]  24168.0
[-0.3461136484824324, -0.24071325586345704, 0.31487604921902257, -0.1287483609625879]  23544.0
[-0.3167727971531964, -0.24071325586345704, 0.14030078216243036, -0.07148690105280875]  22928.0
[-0.3619090504996372, -0.24071325586345704, 0.3816935575305288, -0.042413491843689144]  22896.0
[-0.3619090504996372, 0.14626507217289753, 0.3816935575305288, -0.042413491843689144]  21664.0
[-0.3461136484824324, -0.24071325586345704, 0.14030078216243036, -0.1287483609625879]  21508.0
[-0.3461136484824324, -0.24071325586345704, 0.3816935575305288, -0.1287483609625879]  21388.0
[-0.3619090504996372, 0.14626507217289753, 0.08898420331401202, -0.042413491843689144]  21360.0
[-0.3619090504996372, 0.14626507217289753, 0.3816935575305288, -0.03058478149610222]  20884.0
[-0.3295304431433811, -0.2967923306455901, 0.31487604921902257, -0.1287483609625879]  19852.0
[-0.3619090504996372, -0.2967923306455901, 0.14030078216243036, -0.1287483609625879]  18980.0
[-0.3461136484824324, 0.22115695706568816, 0.14030078216243036, -0.03058478149610222]  18904.0
[-0.3461136484824324, -0.24071325586345704, 0.31487604921902257, -0.07148690105280875]  18816.0
[-0.3167727971531964, -0.13623948574162292, 0.14030078216243036, -0.07148690105280875]  17976.0
[-0.3619090504996372, -0.24071325586345704, 0.31487604921902257, -0.042413491843689144]  17896.0
[-0.3295304431433811, -0.24071325586345704, 0.14030078216243036, -0.07148690105280875]  17484.0
[-0.3167727971531964, -0.24071325586345704, 0.31487604921902257, -0.07148690105280875]  17420.0
[-0.3619090504996372, -0.0114595960390248, 0.3816935575305288, -0.07148690105280875]  17264.0
[-0.3619090504996372, -0.2967923306455901, 0.3816935575305288, -0.1287483609625879]  17200.0
[-0.3461136484824324, -0.0114595960390248, 0.31487604921902257, -0.07148690105280875]  17164.0
[-0.3461136484824324, 0.14626507217289753, 0.08898420331401202, -0.042413491843689144]  16992.0
[-0.3167727971531964, -0.24071325586345704, 0.08898420331401202, -0.07148690105280875]  16932.0
[-0.3167727971531964, -0.24071325586345704, 0.3816935575305288, -0.1287483609625879]  16824.0
[-0.3619090504996372, -0.24071325586345704, 0.31487604921902257, -0.1287483609625879]  16744.0
[-0.3167727971531964, 0.14626507217289753, 0.08898420331401202, -0.042413491843689144]  16704.0
[-0.3167727971531964, -0.24071325586345704, 0.3816935575305288, -0.042413491843689144]  16396.0
[-0.3619090504996372, 0.14626507217289753, 0.31487604921902257, -0.042413491843689144]  16144.0
[-0.3619090504996372, -0.24071325586345704, 0.14030078216243036, -0.07148690105280875]  16116.0
[-0.3295304431433811, -0.24071325586345704, 0.31487604921902257, -0.07148690105280875]  15568.0
[-0.3461136484824324, -0.13623948574162292, 0.14030078216243036, -0.07148690105280875]  15308.0
[-0.3295304431433811, -0.24071325586345704, 0.3816935575305288, -0.07148690105280875]  15080.0
[-0.25536602482055193, -0.13623948574162292, 0.14030078216243036, -0.07148690105280875]  14872.0
[-0.3461136484824324, -0.24071325586345704, 0.3816935575305288, -0.03058478149610222]  14616.0
[-0.3461136484824324, 0.14626507217289753, 0.3816935575305288, -0.03058478149610222]  14348.0
[-0.3295304431433811, 0.14626507217289753, 0.3816935575305288, -0.03058478149610222]  14264.0
[-0.3461136484824324, -0.0114595960390248, 0.3816935575305288, -0.042413491843689144]  13932.0
[-0.3619090504996372, -0.4766876568063343, 0.3816935575305288, -0.1287483609625879]  13264.0
[-0.3619090504996372, 0.14626507217289753, 0.14030078216243036, -0.03058478149610222]  13020.0
[-0.3167727971531964, -0.0114595960390248, 0.3816935575305288, -0.07148690105280875]  12476.0
[-0.3461136484824324, -0.0114595960390248, 0.3816935575305288, -0.03058478149610222]  12328.0
[-0.3619090504996372, -0.0114595960390248, 0.08898420331401202, -0.07148690105280875]  12236.0
[-0.3461136484824324, 0.22115695706568816, 0.3816935575305288, -0.03058478149610222]  12200.0
[-0.3167727971531964, -0.24071325586345704, 0.3816935575305288, -0.03058478149610222]  11720.0
[-0.3619090504996372, -0.24071325586345704, 0.3816935575305288, -0.03058478149610222]  11272.0
[-0.3461136484824324, 0.14626507217289753, 0.3816935575305288, -0.042413491843689144]  10872.0
[-0.3619090504996372, 0.22115695706568816, 0.3816935575305288, -0.03058478149610222]  10864.0
[-0.3619090504996372, -0.0114595960390248, 0.14030078216243036, -0.03058478149610222]  10856.0
[-0.3461136484824324, -0.4766876568063343, 0.14030078216243036, -0.1287483609625879]  10608.0
[-0.3461136484824324, 0.14626507217289753, 0.23259849481144457, -0.042413491843689144]  10444.0
[-0.3167727971531964, 0.14626507217289753, 0.3816935575305288, -0.042413491843689144]  10348.0
[-0.3167727971531964, 0.14626507217289753, 0.3816935575305288, -0.03058478149610222]  10036.0
[-0.3295304431433811, -0.2967923306455901, 0.31487604921902257, -0.07148690105280875]  9816.0
[-0.3619090504996372, -0.24071325586345704, 0.3816935575305288, -0.07148690105280875]  9644.0
[-0.3619090504996372, -0.0114595960390248, 0.08898420331401202, -0.042413491843689144]  9540.0
[-0.3461136484824324, -0.0114595960390248, 0.08898420331401202, -0.07148690105280875]  9048.0
[-0.3619090504996372, 0.14626507217289753, 0.23259849481144457, -0.03058478149610222]  8912.0
[-0.3619090504996372, -0.2967923306455901, 0.3816935575305288, -0.03058478149610222]  8736.0
[-0.3167727971531964, 0.14626507217289753, 0.3668611933276382, -0.042413491843689144]  8664.0
[-0.3461136484824324, -0.24071325586345704, 0.3816935575305288, -0.042413491843689144]  8624.0
[-0.3461136484824324, -0.0114595960390248, 0.08898420331401202, -0.042413491843689144]  8500.0
[-0.3619090504996372, 0.14626507217289753, 0.14030078216243036, -0.07148690105280875]  8368.0
[-0.3461136484824324, -0.2967923306455901, 0.14030078216243036, -0.07148690105280875]  8256.0
[-0.3619090504996372, 0.22115695706568816, 0.08898420331401202, -0.042413491843689144]  8140.0
[-0.3619090504996372, 0.22115695706568816, 0.14030078216243036, -0.03058478149610222]  7880.0
[-0.3619090504996372, -0.4766876568063343, 0.14030078216243036, -0.1287483609625879]  7764.0
[-0.3619090504996372, 0.14626507217289753, 0.08898420331401202, -0.03058478149610222]  7756.0
[-0.3461136484824324, -0.24071325586345704, 0.3816935575305288, -0.07148690105280875]  7312.0
[-0.3295304431433811, -0.24071325586345704, 0.14030078216243036, -0.03058478149610222]  6892.0
[-0.3619090504996372, 0.14626507217289753, 0.08898420331401202, -0.07148690105280875]  6880.0
[-0.3167727971531964, 0.14626507217289753, 0.23259849481144457, -0.07148690105280875]  6504.0
[-0.3295304431433811, 0.22115695706568816, 0.31487604921902257, -0.03058478149610222]  6496.0
[-0.3619090504996372, 0.14626507217289753, 0.3816935575305288, -0.07148690105280875]  6296.0
[-0.3295304431433811, -0.24071325586345704, 0.3816935575305288, -0.03058478149610222]  5624.0
[-0.3461136484824324, -0.0114595960390248, 0.14030078216243036, -0.07148690105280875]  5552.0
[-0.3167727971531964, 0.14626507217289753, 0.3816935575305288, -0.07148690105280875]  4956.0
[-0.3619090504996372, -0.0114595960390248, 0.3816935575305288, -0.1287483609625879]  4700.0
[-0.3295304431433811, 0.14626507217289753, 0.3816935575305288, -0.07148690105280875]  4620.0
[-0.3461136484824324, -0.0114595960390248, 0.3816935575305288, -0.1287483609625879]  4564.0
[-0.3167727971531964, 0.14626507217289753, 0.08898420331401202, -0.07148690105280875]  4324.0
[-0.3295304431433811, 0.14626507217289753, 0.31487604921902257, -0.07148690105280875]  3628.0
[-0.3167727971531964, 0.22115695706568816, 0.3816935575305288, -0.042413491843689144]  3384.0
[-0.25536602482055193, -0.24071325586345704, 0.14030078216243036, -0.1287483609625879]  3360.0
[-0.3461136484824324, 0.14626507217289753, 0.3816935575305288, -0.07148690105280875]  3284.0
[-0.05036229996614383, -0.24071325586345704, 0.3668611933276382, -0.011829137943454193]  2328.0
[-0.3167727971531964, 0.22115695706568816, 0.3816935575305288, -0.07148690105280875]  1956.0
[-0.3619090504996372, 0.22115695706568816, 0.14030078216243036, -0.07148690105280875]  1696.0
[-0.3461136484824324, 0.14626507217289753, 0.3816935575305288, -0.1287483609625879]  1684.0
[-0.3619090504996372, 0.22115695706568816, 0.9088191792087627, -0.07148690105280875]  1604.0
[-0.3461136484824324, 0.22115695706568816, 0.3816935575305288, -0.07148690105280875]  1500.0
[-0.3461136484824324, 0.22115695706568816, 0.14030078216243036, -0.07148690105280875]  1320.0
[-0.3295304431433811, 0.22115695706568816, 0.31487604921902257, -0.07148690105280875]  1184.0
[-0.3167727971531964, 0.22115695706568816, 0.08898420331401202, -0.07148690105280875]  1160.0
[-0.3619090504996372, 0.22115695706568816, 0.3816935575305288, -0.1287483609625879]  1144.0
[-0.3461136484824324, 0.22115695706568816, 0.3816935575305288, -0.1287483609625879]  764.0
