[-0.3295304431433811, -0.4362581368300156, 0.3816935575305288, -0.1287483609625879]  51564.0
[-0.3619090504996372, -0.2967923306455901, 0.31487604921902257, -0.1287483609625879]  47352.0
[-0.3167727971531964, -0.24071325586345704, 0.31487604921902257, -0.1287483609625879]  40700.0
[-0.05036229996614383, -0.4362581368300156, 0.31487604921902257, -0.07148690105280875]  38148.0
[-0.3295304431433811, -0.24071325586345704, 0.3816935575305288, -0.07148690105280875]  33288.0
[-0.3461136484824324, -0.0114595960390248, 0.31487604921902257, -0.07148690105280875]  32104.0
[-0.3295304431433811, -0.4362581368300156, 0.31487604921902257, -0.1287483609625879]  31352.0
[-0.3295304431433811, -0.2967923306455901, 0.31487604921902257, -0.1287483609625879]  30888.0
[-0.3295304431433811, -0.4362581368300156, 0.3668611933276382, -0.1287483609625879]  28804.0
[-0.3619090504996372, -0.24071325586345704, 0.31487604921902257, -0.1287483609625879]  28056.0
[-0.3619090504996372, -0.24071325586345704, 0.3816935575305288, -0.1287483609625879]  27860.0
[-0.3619090504996372, -0.2967923306455901, 0.14030078216243036, -0.1287483609625879]  27448.0
[-0.3461136484824324, -0.2967923306455901, 0.3816935575305288, -0.1287483609625879]  27300.0
[-0.3461136484824324, -0.24071325586345704, 0.3816935575305288, -0.1287483609625879]  27068.0
[-0.3461136484824324, -0.24071325586345704, 0.31487604921902257, -0.07148690105280875]  26448.0
[-0.05036229996614383, -0.4362581368300156, 0.31487604921902257, -0.03058478149610222]  25748.0
[-0.3167727971531964, -0.24071325586345704, 0.31487604921902257, -0.07148690105280875]  25516.0
[-0.05036229996614383, -0.4362581368300156, 0.31487604921902257, -0.042413491843689144]  25464.0
[-0.3619090504996372, 0.14626507217289753, 0.3816935575305288, -0.042413491843689144]  23120.0
[-0.3295304431433811, -0.24071325586345704, 0.31487604921902257, -0.1287483609625879]  21876.0
[-0.3461136484824324, 0.22115695706568816, 0.14030078216243036, -0.03058478149610222]  20580.0
[-0.05036229996614383, -0.4362581368300156, 0.3816935575305288, -0.07148690105280875]  19036.0
[-0.3461136484824324, -0.4362581368300156, 0.31487604921902257, -0.1287483609625879]  18740.0
[-0.3295304431433811, -0.13623948574162292, 0.14030078216243036, -0.07148690105280875]  18556.0
[-0.3295304431433811, 0.14626507217289753, 0.08898420331401202, -0.042413491843689144]  18472.0
[-0.3295304431433811, -0.0114595960390248, 0.3816935575305288, -0.07148690105280875]  18460.0
[-0.3461136484824324, -0.24071325586345704, 0.3816935575305288, -0.07148690105280875]  18132.0
[-0.3619090504996372, -0.2967923306455901, 0.3668611933276382, -0.1287483609625879]  16924.0
[-0.3167727971531964, -0.24071325586345704, 0.3816935575305288, -0.07148690105280875]  16020.0
[-0.3619090504996372, 0.14626507217289753, 0.3668611933276382, -0.042413491843689144]  15940.0
[-0.3167727971531964, -0.13623948574162292, 0.14030078216243036, -0.07148690105280875]  15216.0
[-0.3167727971531964, 0.14626507217289753, 0.3816935575305288, -0.042413491843689144]  15024.0
[-0.3461136484824324, 0.14626507217289753, 0.3816935575305288, -0.03058478149610222]  14924.0
[-0.3619090504996372, 0.14626507217289753, 0.08898420331401202, -0.042413491843689144]  14904.0
[-0.3619090504996372, -0.2967923306455901, 0.3816935575305288, -0.1287483609625879]  14616.0
[-0.3461136484824324, -0.0114595960390248, 0.3816935575305288, -0.042413491843689144]  14588.0
[-0.3461136484824324, -0.24071325586345704, 0.31487604921902257, -0.1287483609625879]  13704.0
[-0.3461136484824324, -0.24071325586345704, 0.14030078216243036, -0.1287483609625879]  13476.0
[-0.3295304431433811, -0.24071325586345704, 0.14030078216243036, -0.07148690105280875]  13376.0
[-0.3295304431433811, -0.24071325586345704, 0.3816935575305288, -0.1287483609625879]  13336.0
[-0.3619090504996372, -0.0114595960390248, 0.3816935575305288, -0.07148690105280875]  12440.0
[-0.3167727971531964, -0.2967923306455901, 0.31487604921902257, -0.07148690105280875]  12228.0
[-0.3461136484824324, -0.4362581368300156, 0.14030078216243036, -0.1287483609625879]  12180.0
[-0.3167727971531964, -0.24071325586345704, 0.31487604921902257, -0.042413491843689144]  12172.0
[-0.3461136484824324, -0.0114595960390248, 0.3816935575305288, -0.07148690105280875]  12092.0
[-0.3619090504996372, -0.2967923306455901, 0.14030078216243036, -0.07148690105280875]  12080.0
[-0.05036229996614383, -0.24071325586345704, 0.3668611933276382, -0.03058478149610222]  11936.0
[-0.3461136484824324, -0.4362581368300156, 0.31487604921902257, -0.07148690105280875]  11508.0
[-0.3167727971531964, -0.4362581368300156, 0.31487604921902257, -0.07148690105280875]  11380.0
[-0.3295304431433811, -0.24071325586345704, 0.31487604921902257, -0.03058478149610222]  11080.0
[-0.3619090504996372, -0.24071325586345704, 0.31487604921902257, -0.042413491843689144]  10816.0
[-0.05036229996614383, -0.4362581368300156, 0.3668611933276382, -0.03058478149610222]  10748.0
[-0.05036229996614383, -0.24071325586345704, 0.3816935575305288, -0.042413491843689144]  10400.0
[-0.3295304431433811, -0.4362581368300156, 0.3816935575305288, -0.07148690105280875]  9892.0
[-0.3461136484824324, -0.0114595960390248, 0.14030078216243036, -0.07148690105280875]  9856.0
[-0.3167727971531964, -0.24071325586345704, 0.14030078216243036, -0.07148690105280875]  9700.0
[-0.3167727971531964, -0.13623948574162292, 0.3816935575305288, -0.1287483609625879]  9436.0
[-0.3619090504996372, -0.24071325586345704, 0.14030078216243036, -0.07148690105280875]  9104.0
[-0.05036229996614383, -0.2967923306455901, 0.31487604921902257, -0.07148690105280875]  8888.0
[-0.3295304431433811, -0.0114595960390248, 0.31487604921902257, -0.07148690105280875]  8844.0
[-0.3619090504996372, -0.24071325586345704, 0.3816935575305288, -0.07148690105280875]  8284.0
[-0.05036229996614383, -0.24071325586345704, 0.31487604921902257, -0.07148690105280875]  8216.0
[-0.3461136484824324, -0.0114595960390248, 0.31487604921902257, -0.1287483609625879]  7152.0
[-0.3619090504996372, 0.14626507217289753, 0.3816935575305288, -0.07148690105280875]  7072.0
[-0.3295304431433811, -0.4362581368300156, 0.3816935575305288, -0.03058478149610222]  7012.0
[-0.3461136484824324, -0.4362581368300156, 0.3816935575305288, -0.07148690105280875]  6596.0
[-0.3167727971531964, -0.0114595960390248, 0.3816935575305288, -0.07148690105280875]  6284.0
[-0.3295304431433811, -0.24071325586345704, 0.3816935575305288, -0.042413491843689144]  6284.0
[-0.3619090504996372, -0.4362581368300156, 0.3816935575305288, -0.042413491843689144]  6140.0
[-0.05036229996614383, -0.4362581368300156, 0.3816935575305288, -0.1287483609625879]  6084.0
[-0.3461136484824324, -0.24071325586345704, 0.3816935575305288, -0.042413491843689144]  5672.0
[-0.05036229996614383, -0.4362581368300156, 0.14030078216243036, -0.1287483609625879]  5572.0
[-0.3619090504996372, -0.24071325586345704, 0.3816935575305288, -0.042413491843689144]  5568.0
[-0.05036229996614383, -0.24071325586345704, 0.3816935575305288, -0.07148690105280875]  5484.0
[-0.3295304431433811, -0.24071325586345704, 0.31487604921902257, -0.042413491843689144]  5372.0
[-0.3619090504996372, 0.14626507217289753, 0.3816935575305288, -0.03058478149610222]  5200.0
[-0.3295304431433811, -0.24071325586345704, 0.3816935575305288, -0.03058478149610222]  5084.0
[-0.3295304431433811, -0.24071325586345704, 0.3668611933276382, -0.03058478149610222]  4424.0
[-0.3461136484824324, 0.14626507217289753, 0.3816935575305288, -0.07148690105280875]  4144.0
[-0.05036229996614383, -0.4362581368300156, 0.31487604921902257, -0.1287483609625879]  4032.0
[-0.3461136484824324, -0.0114595960390248, 0.3816935575305288, -0.1287483609625879]  3916.0
[-0.05036229996614383, -0.13623948574162292, 0.14030078216243036, -0.07148690105280875]  3904.0
[-0.3167727971531964, -0.24071325586345704, 0.3816935575305288, -0.1287483609625879]  3896.0
[-0.05036229996614383, -0.24071325586345704, 0.14030078216243036, -0.1287483609625879]  3868.0
[-0.3295304431433811, -0.4362581368300156, 0.31487604921902257, -0.07148690105280875]  3828.0
[-0.3619090504996372, -0.2967923306455901, 0.31487604921902257, -0.07148690105280875]  3796.0
[-0.3295304431433811, -0.24071325586345704, 0.31487604921902257, -0.07148690105280875]  3580.0
[-0.3619090504996372, -0.0114595960390248, 0.31487604921902257, -0.1287483609625879]  3340.0
[-0.3461136484824324, -0.24071325586345704, 0.14030078216243036, -0.03058478149610222]  3332.0
[-0.05036229996614383, -0.4362581368300156, 0.3668611933276382, -0.1287483609625879]  3148.0
[-0.05036229996614383, -0.24071325586345704, 0.31487604921902257, -0.1287483609625879]  2092.0
[-0.3619090504996372, 0.14626507217289753, 0.3816935575305288, -0.1287483609625879]  1608.0
[-0.3295304431433811, 0.14626507217289753, 0.3816935575305288, -0.1287483609625879]  1512.0
[-0.3619090504996372, 0.14626507217289753, 0.08898420331401202, -0.1287483609625879]  1280.0
[-0.05036229996614383, -0.0114595960390248, 0.31487604921902257, -0.07148690105280875]  852.0
[-0.05036229996614383, -0.0114595960390248, 0.3816935575305288, -0.07148690105280875]  628.0
[-0.05036229996614383, 0.14626507217289753, 0.31487604921902257, -0.07148690105280875]  192.0
[-0.05036229996614383, 0.14626507217289753, 0.31487604921902257, -0.042413491843689144]  160.0
[-0.05036229996614383, 0.14626507217289753, 0.3816935575305288, -0.07148690105280875]  104.0
[-0.05036229996614383, 0.14626507217289753, 0.3668611933276382, -0.03058478149610222]  72.0
